time          Epot                 Ekin                 Etot                 T
    0.00  -5.616748240774E+03  2.905979454937E-01  -5.616457642828E+03 347.5894
   20.67  -5.616745257238E+03  2.874848033568E-01  -5.616457772435E+03 343.8657
   41.34  -5.616739106709E+03  2.813464963665E-01  -5.616457760213E+03 336.5236
   62.01  -5.616730899709E+03  2.733146126429E-01  -5.616457585096E+03 326.9165
   82.68  -5.616722316988E+03  2.650116231238E-01  -5.616457305364E+03 316.9851
  103.35  -5.616714987871E+03  2.579787738893E-01  -5.616457009097E+03 308.5730
  124.02  -5.616709880954E+03  2.531328511524E-01  -5.616456748103E+03 302.7767
  144.69  -5.616707070926E+03  2.505324602058E-01  -5.616456538465E+03 299.6664
  165.37  -5.616705943790E+03  2.495642943102E-01  -5.616456379496E+03 298.5083
  186.04  -5.616705654918E+03  2.493835755412E-01  -5.616456271342E+03 298.2922
  206.71  -5.616705537686E+03  2.493118268793E-01  -5.616456225859E+03 298.2063
  227.38  -5.616705294106E+03  2.490219341465E-01  -5.616456272172E+03 297.8596
  248.05  -5.616704920542E+03  2.485123642022E-01  -5.616456408177E+03 297.2501
  268.72  -5.616704584518E+03  2.479792844626E-01  -5.616456605233E+03 296.6125
  289.39  -5.616704588628E+03  2.477648069113E-01  -5.616456823821E+03 296.3559
  310.06  -5.616705390924E+03  2.483522277804E-01  -5.616457038697E+03 297.0585
  330.73  -5.616707489667E+03  2.502443395372E-01  -5.616457245327E+03 299.3217
  351.40  -5.616711104850E+03  2.536564899580E-01  -5.616457448360E+03 303.4031
  372.07  -5.616715841258E+03  2.582027364638E-01  -5.616457638522E+03 308.8409
  392.74  -5.616720640746E+03  2.628618374682E-01  -5.616457778909E+03 314.4138
  413.41  -5.616724134404E+03  2.663138153960E-01  -5.616457820588E+03 318.5427
  434.08  -5.616725216260E+03  2.674903271384E-01  -5.616457725933E+03 319.9500
  454.76  -5.616723467058E+03  2.659937466162E-01  -5.616457473311E+03 318.1599
  475.43  -5.616719307859E+03  2.622195002202E-01  -5.616457088359E+03 313.6454
  496.10  -5.616713840447E+03  2.572187020886E-01  -5.616456621745E+03 307.6639
  516.77  -5.616708466387E+03  2.523375625858E-01  -5.616456128825E+03 301.8255
  537.44  -5.616704423402E+03  2.487655633085E-01  -5.616455657838E+03 297.5529
  558.11  -5.616702417151E+03  2.471709823634E-01  -5.616455246168E+03 295.6456
  578.78  -5.616702464300E+03  2.475367370486E-01  -5.616454927563E+03 296.0831
  599.45  -5.616704064598E+03  2.493108441678E-01  -5.616454753753E+03 298.2052
  620.12  -5.616706409498E+03  2.516717242687E-01  -5.616454737774E+03 301.0291
  640.79  -5.616708669358E+03  2.537785169292E-01  -5.616454890841E+03 303.5490
  661.46  -5.616710152975E+03  2.549863445450E-01  -5.616455166630E+03 304.9937
  682.13  -5.616710517149E+03  2.550068576708E-01  -5.616455510291E+03 305.0183
  702.80  -5.616709949733E+03  2.540704034082E-01  -5.616455879330E+03 303.8982
  723.47  -5.616709160264E+03  2.529037110399E-01  -5.616456256553E+03 302.5027
  744.14  -5.616709075155E+03  2.524317271726E-01  -5.616456643428E+03 301.9381
  764.82  -5.616710328292E+03  2.532989813257E-01  -5.616457029310E+03 302.9754
  785.49  -5.616712914819E+03  2.555190883733E-01  -5.616457395730E+03 305.6310
  806.16  -5.616716167459E+03  2.584775388540E-01  -5.616457689920E+03 309.1696
  826.83  -5.616719052795E+03  2.611921789827E-01  -5.616457860616E+03 312.4166
  847.50  -5.616720557579E+03  2.626729254943E-01  -5.616457884654E+03 314.1878
  868.17  -5.616719999446E+03  2.622194682827E-01  -5.616457779978E+03 313.6454
  888.84  -5.616717227228E+03  2.596523764675E-01  -5.616457574851E+03 310.5749
  909.51  -5.616712620520E+03  2.553423114464E-01  -5.616457278209E+03 305.4195
  930.18  -5.616707039554E+03  2.501197870105E-01  -5.616456919767E+03 299.1728
  950.85  -5.616701548568E+03  2.450483740741E-01  -5.616456500194E+03 293.1067
  971.52  -5.616697170139E+03  2.411080096918E-01  -5.616456062129E+03 288.3936
  992.19  -5.616694602368E+03  2.389548512872E-01  -5.616455647517E+03 285.8182
 1012.86  -5.616694067636E+03  2.387574242869E-01  -5.616455310212E+03 285.5820
 1033.53  -5.616695275413E+03  2.401839065167E-01  -5.616455091507E+03 287.2883
 1054.21  -5.616697492667E+03  2.424995551262E-01  -5.616454993112E+03 290.0581
 1074.88  -5.616699770588E+03  2.447948798901E-01  -5.616454975709E+03 292.8035
 1095.55  -5.616701327447E+03  2.463414645898E-01  -5.616454985982E+03 294.6534
 1116.22  -5.616701932334E+03  2.469455010651E-01  -5.616454986833E+03 295.3759
 1136.89  -5.616702000270E+03  2.470368512777E-01  -5.616454963419E+03 295.4852
 1157.56  -5.616702381097E+03  2.474268399614E-01  -5.616454954258E+03 295.9517
 1178.23  -5.616703855305E+03  2.488782132133E-01  -5.616454977091E+03 297.6877
 1198.90  -5.616706738990E+03  2.517211316642E-01  -5.616455017859E+03 301.0882
 1219.57  -5.616710757121E+03  2.557194848135E-01  -5.616455037636E+03 305.8707
 1240.24  -5.616715192514E+03  2.601986879084E-01  -5.616454993826E+03 311.2283
 1260.91  -5.616719073140E+03  2.642294078640E-01  -5.616454843732E+03 316.0495
 1281.58  -5.616721471406E+03  2.668655250535E-01  -5.616454605881E+03 319.2026
 1302.25  -5.616721691658E+03  2.673990761551E-01  -5.616454292582E+03 319.8408
 1322.92  -5.616719470435E+03  2.655479507587E-01  -5.616453922484E+03 317.6267
 1343.59  -5.616715088936E+03  2.615814941163E-01  -5.616453507442E+03 312.8823
 1364.27  -5.616709359430E+03  2.562962425355E-01  -5.616453063188E+03 306.5605
 1384.94  -5.616703441224E+03  2.508192083919E-01  -5.616452622015E+03 300.0093
 1405.61  -5.616698495706E+03  2.462635946165E-01  -5.616452232111E+03 294.5603
 1426.28  -5.616695277755E+03  2.433386227221E-01  -5.616451939132E+03 291.0617
 1446.95  -5.616693847209E+03  2.420832781240E-01  -5.616451763931E+03 289.5601
 1467.62  -5.616693588382E+03  2.418910379370E-01  -5.616451697344E+03 289.3302
 1488.29  -5.616693577644E+03  2.418607652970E-01  -5.616451716878E+03 289.2940
 1508.96  -5.616693116258E+03  2.413087783465E-01  -5.616451807480E+03 288.6338
 1529.63  -5.616692084077E+03  2.401068088749E-01  -5.616451977268E+03 287.1961
 1550.30  -5.616690978721E+03  2.387162342123E-01  -5.616452262487E+03 285.5328
 1570.97  -5.616690577174E+03  2.379111035220E-01  -5.616452666071E+03 284.5697
 1591.64  -5.616691630863E+03  2.384350964225E-01  -5.616453195767E+03 285.1965
 1612.31  -5.616694614790E+03  2.408087098476E-01  -5.616453806081E+03 288.0356
 1632.98  -5.616699654783E+03  2.452025591900E-01  -5.616454452224E+03 293.2912
 1653.65  -5.616706492036E+03  2.513855408861E-01  -5.616455106495E+03 300.6867
 1674.33  -5.616714470875E+03  2.587131445267E-01  -5.616455757731E+03 309.4514
 1695.00  -5.616722565655E+03  2.661777273963E-01  -5.616456387927E+03 318.3799
 1715.67  -5.616729599807E+03  2.726291264568E-01  -5.616456970681E+03 326.0966
 1736.34  -5.616734475939E+03  2.770574364919E-01  -5.616457418502E+03 331.3934
 1757.01  -5.616736556879E+03  2.788597216546E-01  -5.616457697157E+03 333.5491
 1777.68  -5.616735873109E+03  2.780688049430E-01  -5.616457804304E+03 332.6031
 1798.35  -5.616733126341E+03  2.753429649678E-01  -5.616457783376E+03 329.3427
 1819.02  -5.616729409593E+03  2.717067800057E-01  -5.616457702813E+03 324.9933
 1839.69  -5.616725737605E+03  2.681133632123E-01  -5.616457624241E+03 320.6952
 1860.36  -5.616722626578E+03  2.650458112598E-01  -5.616457580767E+03 317.0260
 1881.03  -5.616720019044E+03  2.624431491763E-01  -5.616457575895E+03 313.9130
 1901.70  -5.616717481759E+03  2.599116946547E-01  -5.616457570064E+03 310.8850
 1922.37  -5.616714664215E+03  2.570893756212E-01  -5.616457574839E+03 307.5092
 1943.04  -5.616711491889E+03  2.538891579347E-01  -5.616457602731E+03 303.6814
 1963.72  -5.616708158403E+03  2.504714408847E-01  -5.616457686962E+03 299.5934
 1984.39  -5.616704999599E+03  2.471423438146E-01  -5.616457857255E+03 295.6114
 2005.06  -5.616702425146E+03  2.442989862724E-01  -5.616458126160E+03 292.2104
 2025.73  -5.616700927702E+03  2.424249278250E-01  -5.616458502774E+03 289.9688
 2046.40  -5.616701022228E+03  2.420168659142E-01  -5.616459005363E+03 289.4807
 2067.07  -5.616703047336E+03  2.433895131550E-01  -5.616459657823E+03 291.1226
 2087.74  -5.616706936285E+03  2.464659690032E-01  -5.616460470316E+03 294.8024
 2108.41  -5.616712102771E+03  2.506901858477E-01  -5.616461412585E+03 299.8550
 2129.08  -5.616717536799E+03  2.551147268637E-01  -5.616462422072E+03 305.1473
 2149.75  -5.616722094187E+03  2.586648647068E-01  -5.616463429322E+03 309.3937
 2170.42  -5.616724877715E+03  2.605007178981E-01  -5.616464376997E+03 311.5896
 2191.09  -5.616725528708E+03  2.602928462488E-01  -5.616465235862E+03 311.3409
 2211.76  -5.616724383060E+03  2.583608421024E-01  -5.616466022217E+03 309.0300
 2232.43  -5.616722212600E+03  2.555067025401E-01  -5.616466705897E+03 305.6161
 2253.10  -5.616719890804E+03  2.526186638677E-01  -5.616467272140E+03 302.1617
 2273.78  -5.616718016685E+03  2.503396817021E-01  -5.616467677003E+03 299.4358
 2294.45  -5.616716787578E+03  2.488985467230E-01  -5.616467889031E+03 297.7120
 2315.12  -5.616716122804E+03  2.482104276661E-01  -5.616467912377E+03 296.8889
 2335.79  -5.616715809350E+03  2.480274256693E-01  -5.616467781924E+03 296.6700
 2356.46  -5.616715665794E+03  2.480695055990E-01  -5.616467596288E+03 296.7204
 2377.13  -5.616715533874E+03  2.481104317330E-01  -5.616467423442E+03 296.7693
 2397.80  -5.616715301261E+03  2.480014776852E-01  -5.616467299783E+03 296.6390
 2418.47  -5.616714976458E+03  2.477526038939E-01  -5.616467223854E+03 296.3413
 2439.14  -5.616714777444E+03  2.476039366452E-01  -5.616467173507E+03 296.1635
 2459.81  -5.616715124775E+03  2.479949858766E-01  -5.616467129789E+03 296.6312
 2480.48  -5.616716496483E+03  2.494045616166E-01  -5.616467091921E+03 298.3173
 2501.15  -5.616719201955E+03  2.521319219610E-01  -5.616467070033E+03 301.5795
 2521.82  -5.616723196355E+03  2.561277327701E-01  -5.616467068622E+03 306.3590
 2542.49  -5.616728038293E+03  2.609537859654E-01  -5.616467084508E+03 312.1315
 2563.17  -5.616733052162E+03  2.659144920443E-01  -5.616467137670E+03 318.0651
 2583.84  -5.616737551277E+03  2.702985664142E-01  -5.616467252711E+03 323.3090
 2604.51  -5.616741053280E+03  2.735860469678E-01  -5.616467467233E+03 327.2412
 2625.18  -5.616743415775E+03  2.756033977000E-01  -5.616467812378E+03 329.6542
 2645.85  -5.616744751349E+03  2.764977480983E-01  -5.616468253601E+03 330.7239
 2666.52  -5.616745367380E+03  2.766200720247E-01  -5.616468747308E+03 330.8702
 2687.19  -5.616745592843E+03  2.763988060364E-01  -5.616469194037E+03 330.6056
 2707.86  -5.616745660493E+03  2.761612903556E-01  -5.616469499202E+03 330.3215
 2728.53  -5.616745698177E+03  2.760548195961E-01  -5.616469643357E+03 330.1941
 2749.20  -5.616745693387E+03  2.760387896038E-01  -5.616469654597E+03 330.1749
 2769.87  -5.616745512444E+03  2.758966561711E-01  -5.616469615788E+03 330.0049
 2790.54  -5.616744926431E+03  2.753096614076E-01  -5.616469616770E+03 329.3028
 2811.21  -5.616743633996E+03  2.739293303400E-01  -5.616469704665E+03 327.6518
 2831.88  -5.616741397476E+03  2.715061540066E-01  -5.616469891322E+03 324.7534
 2852.55  -5.616738179122E+03  2.680555981289E-01  -5.616470123524E+03 320.6261
 2873.23  -5.616734264479E+03  2.639373523966E-01  -5.616470327127E+03 315.7002
 2893.90  -5.616730247630E+03  2.597996801994E-01  -5.616470447950E+03 310.7511
 2914.57  -5.616726857559E+03  2.563769973114E-01  -5.616470480561E+03 306.6571
 2935.24  -5.616724733159E+03  2.542736809044E-01  -5.616470459478E+03 304.1413
 2955.91  -5.616724185552E+03  2.537603256518E-01  -5.616470425226E+03 303.5273
 2976.58  -5.616725192821E+03  2.547356281085E-01  -5.616470457193E+03 304.6938
 2997.25  -5.616727438516E+03  2.568298769638E-01  -5.616470608639E+03 307.1988
 3017.92  -5.616730433174E+03  2.595148521514E-01  -5.616470918322E+03 310.4104
 3038.59  -5.616733609335E+03  2.622196613054E-01  -5.616471389673E+03 313.6456
 3059.26  -5.616736419035E+03  2.644356100581E-01  -5.616471983425E+03 316.2962
 3079.93  -5.616738481754E+03  2.658549483524E-01  -5.616472626806E+03 317.9939
 3100.60  -5.616739754529E+03  2.665148656433E-01  -5.616473239663E+03 318.7832
 3121.27  -5.616740598865E+03  2.668320529567E-01  -5.616473766812E+03 319.1626
 3141.94  -5.616741644948E+03  2.674491011858E-01  -5.616474195847E+03 319.9007
 3162.62  -5.616743450343E+03  2.689006423500E-01  -5.616474549701E+03 321.6369
 3183.29  -5.616746213592E+03  2.713238208216E-01  -5.616474889772E+03 324.5353
 3203.96  -5.616749587362E+03  2.743551746441E-01  -5.616475232187E+03 328.1611
 3224.63  -5.616752793505E+03  2.772368513773E-01  -5.616475556654E+03 331.6080
 3245.30  -5.616754942593E+03  2.791320701971E-01  -5.616475810523E+03 333.8749
 3265.97  -5.616755397599E+03  2.794653850433E-01  -5.616475932214E+03 334.2736
 3286.64  -5.616754013195E+03  2.781323778634E-01  -5.616475880817E+03 332.6791
 3307.31  -5.616751165910E+03  2.755101448577E-01  -5.616475655765E+03 329.5426
 3327.98  -5.616747603837E+03  2.723042469140E-01  -5.616475299590E+03 325.7080
 3348.65  -5.616744177370E+03  2.692984003843E-01  -5.616474878970E+03 322.1126
 3369.32  -5.616741570647E+03  2.670981977276E-01  -5.616474472450E+03 319.4809
 3389.99  -5.616740115949E+03  2.659637934658E-01  -5.616474152155E+03 318.1241
 3410.66  -5.616739721810E+03  2.657557488306E-01  -5.616473966062E+03 317.8752
 3431.33  -5.616739903675E+03  2.659814714088E-01  -5.616473922204E+03 318.1452
 3452.00  -5.616739904304E+03  2.659256541525E-01  -5.616473978649E+03 318.0784
 3472.68  -5.616738922719E+03  2.648745252572E-01  -5.616474048194E+03 316.8212
 3493.35  -5.616736411551E+03  2.623782602621E-01  -5.616474033291E+03 313.8353
 3514.02  -5.616732416594E+03  2.585231171468E-01  -5.616473893476E+03 309.2241
 3534.69  -5.616727648176E+03  2.540189478684E-01  -5.616473629228E+03 303.8366
 3555.36  -5.616723272816E+03  2.499625342874E-01  -5.616473310282E+03 298.9847
 3576.03  -5.616720429001E+03  2.473971207901E-01  -5.616473031880E+03 295.9161
 3596.70  -5.616719715666E+03  2.468511093601E-01  -5.616472864557E+03 295.2630
 3617.37  -5.616720935125E+03  2.481121492131E-01  -5.616472822976E+03 296.7714
 3638.04  -5.616723203670E+03  2.503430729191E-01  -5.616472860597E+03 299.4398
 3658.71  -5.616725345346E+03  2.524455135266E-01  -5.616472899833E+03 301.9546
 3679.38  -5.616726349400E+03  2.534805388837E-01  -5.616472868861E+03 303.1926
 3700.05  -5.616725699801E+03  2.529802481141E-01  -5.616472719553E+03 302.5942
 3720.72  -5.616723478033E+03  2.510421919989E-01  -5.616472435841E+03 300.2761
 3741.39  -5.616720288247E+03  2.482416239227E-01  -5.616472046623E+03 296.9263
 3762.06  -5.616716992694E+03  2.453979690376E-01  -5.616471594725E+03 293.5249
 3782.74  -5.616714426649E+03  2.432995560270E-01  -5.616471127093E+03 291.0150
 3803.41  -5.616713097110E+03  2.424286323849E-01  -5.616470668478E+03 289.9732
 3824.08  -5.616713132246E+03  2.428590780476E-01  -5.616470273168E+03 290.4881
 3844.75  -5.616714241446E+03  2.442955741376E-01  -5.616469945872E+03 292.2063
 3865.42  -5.616715865508E+03  2.461607160393E-01  -5.616469704792E+03 294.4372
 3886.09  -5.616717294134E+03  2.477645499869E-01  -5.616469529584E+03 296.3556
 3906.76  -5.616717866572E+03  2.484915208355E-01  -5.616469375051E+03 297.2252
 3927.43  -5.616717243121E+03  2.480485019321E-01  -5.616469194619E+03 296.6953
 3948.10  -5.616715650288E+03  2.466803586314E-01  -5.616468969930E+03 295.0588
 3968.77  -5.616713911423E+03  2.451851648163E-01  -5.616468726259E+03 293.2704
 3989.44  -5.616713154580E+03  2.446358293747E-01  -5.616468518751E+03 292.6133
 4010.11  -5.616714303378E+03  2.458997892416E-01  -5.616468403589E+03 294.1251
 4030.78  -5.616717653956E+03  2.492598256153E-01  -5.616468394130E+03 298.1441
 4051.45  -5.616722695284E+03  2.542546182962E-01  -5.616468440666E+03 304.1185
 4072.13  -5.616728361687E+03  2.598663172324E-01  -5.616468495370E+03 310.8308
 4092.80  -5.616733378587E+03  2.649034282440E-01  -5.616468475159E+03 316.8557
 4113.47  -5.616736708798E+03  2.683551450338E-01  -5.616468353653E+03 320.9844
