time          Epot                 Ekin                 Etot                 T
    0.00  -5.616739794247E+03  2.392377014648E-01  -5.616500556546E+03 286.1565
   20.67  -5.616740248127E+03  2.397093181014E-01  -5.616500538809E+03 286.7206
   41.34  -5.616740141970E+03  2.397932376351E-01  -5.616500348732E+03 286.8210
   62.01  -5.616739064248E+03  2.390620958270E-01  -5.616500002152E+03 285.9465
   82.68  -5.616736517838E+03  2.369649765802E-01  -5.616499552861E+03 283.4381
  103.35  -5.616732542310E+03  2.334357833372E-01  -5.616499106526E+03 279.2167
  124.02  -5.616727935582E+03  2.291824252180E-01  -5.616498753157E+03 274.1292
  144.69  -5.616723999302E+03  2.254047992791E-01  -5.616498594503E+03 269.6107
  165.37  -5.616721742444E+03  2.231098260990E-01  -5.616498632618E+03 266.8657
  186.04  -5.616721341949E+03  2.225168509616E-01  -5.616498825098E+03 266.1564
  206.71  -5.616722127847E+03  2.230630183140E-01  -5.616499064829E+03 266.8097
  227.38  -5.616723138098E+03  2.238930167775E-01  -5.616499245081E+03 267.8024
  248.05  -5.616723784516E+03  2.244654698049E-01  -5.616499319046E+03 268.4872
  268.72  -5.616724209669E+03  2.248856537846E-01  -5.616499324016E+03 268.9898
  289.39  -5.616725159243E+03  2.258017909509E-01  -5.616499357452E+03 270.0856
  310.06  -5.616727456521E+03  2.279340433841E-01  -5.616499522477E+03 272.6360
  330.73  -5.616731380850E+03  2.315028671660E-01  -5.616499877983E+03 276.9047
  351.40  -5.616736408396E+03  2.359914146714E-01  -5.616500416982E+03 282.2736
  372.07  -5.616741382527E+03  2.403619310473E-01  -5.616501020596E+03 287.5012
  392.74  -5.616745203557E+03  2.436250835060E-01  -5.616501578473E+03 291.4043
  413.41  -5.616747342609E+03  2.453724193797E-01  -5.616501970190E+03 293.4943
  434.08  -5.616747938658E+03  2.458132136098E-01  -5.616502125444E+03 294.0216
  454.76  -5.616747490515E+03  2.454276565484E-01  -5.616502062858E+03 293.5604
  475.43  -5.616746358856E+03  2.445217536632E-01  -5.616501837102E+03 292.4768
  496.10  -5.616744597570E+03  2.430666931677E-01  -5.616501530877E+03 290.7364
  516.77  -5.616742197096E+03  2.409515186026E-01  -5.616501245577E+03 288.2064
  537.44  -5.616739419978E+03  2.383407231390E-01  -5.616501079255E+03 285.0836
  558.11  -5.616736846602E+03  2.357569295238E-01  -5.616501089673E+03 281.9931
  578.78  -5.616735075207E+03  2.338087153344E-01  -5.616501266492E+03 279.6628
  599.45  -5.616734338991E+03  2.328016138497E-01  -5.616501537377E+03 278.4582
  620.12  -5.616734382648E+03  2.325841384591E-01  -5.616501798510E+03 278.1981
  640.79  -5.616734686612E+03  2.327232666117E-01  -5.616501963346E+03 278.3645
  661.46  -5.616734920309E+03  2.328894768636E-01  -5.616502030832E+03 278.5633
  682.13  -5.616735283150E+03  2.331918320704E-01  -5.616502091318E+03 278.9249
  702.80  -5.616736434836E+03  2.341670801479E-01  -5.616502267756E+03 280.0914
  723.47  -5.616739038747E+03  2.363856996395E-01  -5.616502653047E+03 282.7452
  744.14  -5.616743228812E+03  2.399592395130E-01  -5.616503269573E+03 287.0195
  764.82  -5.616748391035E+03  2.443284069167E-01  -5.616504062628E+03 292.2456
  785.49  -5.616753389768E+03  2.484670596966E-01  -5.616504922709E+03 297.1959
  806.16  -5.616757046551E+03  2.513234482359E-01  -5.616505723103E+03 300.6125
  826.83  -5.616758596615E+03  2.522413444659E-01  -5.616506355270E+03 301.7104
  847.50  -5.616757951789E+03  2.511963526168E-01  -5.616506755437E+03 300.4605
  868.17  -5.616755685560E+03  2.487642752217E-01  -5.616506921285E+03 297.5514
  888.84  -5.616752682364E+03  2.457695286498E-01  -5.616506912835E+03 293.9693
  909.51  -5.616749697678E+03  2.428501137875E-01  -5.616506847565E+03 290.4774
  930.18  -5.616746940857E+03  2.401465850866E-01  -5.616506794271E+03 287.2436
  950.85  -5.616744182742E+03  2.373603344613E-01  -5.616506822408E+03 283.9109
  971.52  -5.616740989045E+03  2.340864368184E-01  -5.616506902609E+03 279.9950
  992.19  -5.616737148633E+03  2.301602193967E-01  -5.616506988413E+03 275.2988
 1012.86  -5.616732800487E+03  2.258200663264E-01  -5.616506980420E+03 270.1074
 1033.53  -5.616728354766E+03  2.215515428211E-01  -5.616506803223E+03 265.0018
 1054.21  -5.616724309430E+03  2.178633979325E-01  -5.616506446032E+03 260.5903
 1074.88  -5.616721191589E+03  2.152105126712E-01  -5.616505981077E+03 257.4171
 1095.55  -5.616719575898E+03  2.140459017312E-01  -5.616505529996E+03 256.0241
 1116.22  -5.616720040871E+03  2.148074436561E-01  -5.616505233427E+03 256.9350
 1136.89  -5.616722908004E+03  2.177415821230E-01  -5.616505166422E+03 260.4446
 1157.56  -5.616728023108E+03  2.227033298153E-01  -5.616505319778E+03 266.3794
 1178.23  -5.616734742039E+03  2.291297332347E-01  -5.616505612306E+03 274.0662
 1198.90  -5.616742119372E+03  2.361813227467E-01  -5.616505938049E+03 282.5007
 1219.57  -5.616749135310E+03  2.429202199500E-01  -5.616506215090E+03 290.5612
 1240.24  -5.616754945533E+03  2.485386612120E-01  -5.616506406872E+03 297.2815
 1260.91  -5.616759035292E+03  2.525621402355E-01  -5.616506473152E+03 302.0941
 1281.58  -5.616761498245E+03  2.550518994757E-01  -5.616506446345E+03 305.0721
 1302.25  -5.616762976888E+03  2.566203546839E-01  -5.616506356533E+03 306.9482
 1322.92  -5.616764361381E+03  2.580780695501E-01  -5.616506283312E+03 308.6918
 1343.59  -5.616766112353E+03  2.598537811194E-01  -5.616506258572E+03 310.8158
 1364.27  -5.616767900405E+03  2.616153084683E-01  -5.616506285097E+03 312.9228
 1384.94  -5.616768697848E+03  2.624329709878E-01  -5.616506264877E+03 313.9008
 1405.61  -5.616767475512E+03  2.613769254042E-01  -5.616506098586E+03 312.6376
 1426.28  -5.616763854315E+03  2.581635644893E-01  -5.616505690751E+03 308.7941
 1446.95  -5.616758291696E+03  2.533004004265E-01  -5.616504991296E+03 302.9771
 1467.62  -5.616751855229E+03  2.477863073124E-01  -5.616504068921E+03 296.3816
 1488.29  -5.616745712939E+03  2.426710357237E-01  -5.616503041903E+03 290.2632
 1508.96  -5.616740746234E+03  2.386948371309E-01  -5.616502051397E+03 285.5072
 1529.63  -5.616737364764E+03  2.361514274139E-01  -5.616501213337E+03 282.4650
 1550.30  -5.616735514587E+03  2.349312494142E-01  -5.616500583337E+03 281.0055
 1570.97  -5.616734848579E+03  2.347006402801E-01  -5.616500147938E+03 280.7296
 1591.64  -5.616734944568E+03  2.351010225112E-01  -5.616499843546E+03 281.2085
 1612.31  -5.616735421360E+03  2.358260592082E-01  -5.616499595301E+03 282.0758
 1632.98  -5.616735912117E+03  2.365623605650E-01  -5.616499349756E+03 282.9565
 1653.65  -5.616736028568E+03  2.369375195741E-01  -5.616499091048E+03 283.4052
 1674.33  -5.616735468120E+03  2.366360985809E-01  -5.616498832021E+03 283.0447
 1695.00  -5.616734233536E+03  2.356242106082E-01  -5.616498609325E+03 281.8343
 1715.67  -5.616732890796E+03  2.343837148210E-01  -5.616498507081E+03 280.3506
 1736.34  -5.616732362885E+03  2.337982629496E-01  -5.616498564622E+03 279.6503
 1757.01  -5.616733420008E+03  2.345843139777E-01  -5.616498835694E+03 280.5905
 1777.68  -5.616735999769E+03  2.367022733338E-01  -5.616499297496E+03 283.1238
 1798.35  -5.616739036783E+03  2.391888016158E-01  -5.616499847981E+03 286.0980
 1819.02  -5.616741020808E+03  2.406781579014E-01  -5.616500342650E+03 287.8795
 1839.69  -5.616740906096E+03  2.402437542563E-01  -5.616500662341E+03 287.3599
 1860.36  -5.616738723880E+03  2.379497306531E-01  -5.616500774150E+03 284.6159
 1881.03  -5.616735564139E+03  2.348215434385E-01  -5.616500742596E+03 280.8743
 1901.70  -5.616732913738E+03  2.322448344113E-01  -5.616500668903E+03 277.7922
 1922.37  -5.616731931694E+03  2.312428243460E-01  -5.616500688870E+03 276.5937
 1943.04  -5.616732930240E+03  2.320612715153E-01  -5.616500868968E+03 277.5726
 1963.72  -5.616735401920E+03  2.341952025475E-01  -5.616501206717E+03 280.1251
 1984.39  -5.616738406499E+03  2.367781775072E-01  -5.616501628321E+03 283.2146
 2005.06  -5.616741092629E+03  2.390431488321E-01  -5.616502049480E+03 285.9238
 2025.73  -5.616742887003E+03  2.405359731818E-01  -5.616502351030E+03 287.7094
 2046.40  -5.616743524373E+03  2.410446436096E-01  -5.616502479729E+03 288.3178
 2067.07  -5.616742922659E+03  2.404876727513E-01  -5.616502434986E+03 287.6516
 2087.74  -5.616741174483E+03  2.389039312698E-01  -5.616502270551E+03 285.7573
 2108.41  -5.616738553008E+03  2.365023198328E-01  -5.616502050688E+03 282.8847
 2129.08  -5.616735599255E+03  2.337196704484E-01  -5.616501879584E+03 279.5563
 2149.75  -5.616732967451E+03  2.311651082174E-01  -5.616501802343E+03 276.5007
 2170.42  -5.616731163637E+03  2.293457419172E-01  -5.616501817895E+03 274.3246
 2191.09  -5.616730243525E+03  2.283690354249E-01  -5.616501874490E+03 273.1563
 2211.76  -5.616729650811E+03  2.277736791162E-01  -5.616501877132E+03 272.4442
 2232.43  -5.616728381139E+03  2.266576132473E-01  -5.616501723526E+03 271.1092
 2253.10  -5.616725498018E+03  2.241450921368E-01  -5.616501352926E+03 268.1040
 2273.78  -5.616720739927E+03  2.199627393068E-01  -5.616500777187E+03 263.1014
 2294.45  -5.616714890055E+03  2.147803892541E-01  -5.616500109666E+03 256.9027
 2315.12  -5.616709519430E+03  2.100189136171E-01  -5.616499500517E+03 251.2074
 2335.79  -5.616706256944E+03  2.071717532273E-01  -5.616499085191E+03 247.8018
 2356.46  -5.616705930883E+03  2.070228371151E-01  -5.616498908046E+03 247.6237
 2377.13  -5.616708319732E+03  2.093559241215E-01  -5.616498963807E+03 250.4144
 2397.80  -5.616712436909E+03  2.132834532381E-01  -5.616499153456E+03 255.1122
 2418.47  -5.616717243221E+03  2.178570528969E-01  -5.616499386168E+03 260.5827
 2439.14  -5.616722035728E+03  2.224813622578E-01  -5.616499554365E+03 266.1139
 2459.81  -5.616726578816E+03  2.269521675188E-01  -5.616499626648E+03 271.4616
 2480.48  -5.616730900110E+03  2.312950599284E-01  -5.616499605050E+03 276.6562
 2501.15  -5.616735081439E+03  2.355468800859E-01  -5.616499534559E+03 281.7418
 2521.82  -5.616739219078E+03  2.397020506238E-01  -5.616499517027E+03 286.7119
 2542.49  -5.616743358655E+03  2.437311109860E-01  -5.616499627544E+03 291.5311
 2563.17  -5.616747468290E+03  2.475725742772E-01  -5.616499895716E+03 296.1260
 2583.84  -5.616751399292E+03  2.511151573150E-01  -5.616500284135E+03 300.3633
 2604.51  -5.616754877603E+03  2.541776856570E-01  -5.616500699917E+03 304.0265
 2625.18  -5.616757504916E+03  2.564784300863E-01  -5.616501026486E+03 306.7784
 2645.85  -5.616758718855E+03  2.575573655724E-01  -5.616501161490E+03 308.0690
 2666.52  -5.616757926141E+03  2.568560858180E-01  -5.616501070055E+03 307.2302
 2687.19  -5.616754771322E+03  2.540197653098E-01  -5.616500751556E+03 303.8376
 2707.86  -5.616749598810E+03  2.492843309839E-01  -5.616500314479E+03 298.1735
 2728.53  -5.616743592957E+03  2.436933895164E-01  -5.616499899568E+03 291.4860
 2749.20  -5.616738334665E+03  2.387197363659E-01  -5.616499614929E+03 285.5370
 2769.87  -5.616735103811E+03  2.355611762044E-01  -5.616499542635E+03 281.7589
 2790.54  -5.616734262096E+03  2.346079227504E-01  -5.616499654173E+03 280.6187
 2811.21  -5.616735251387E+03  2.353910210769E-01  -5.616499860366E+03 281.5554
 2831.88  -5.616737077507E+03  2.370218272319E-01  -5.616500055680E+03 283.5061
 2852.55  -5.616738846074E+03  2.386928074601E-01  -5.616500153266E+03 285.5047
 2873.23  -5.616740150584E+03  2.400070877049E-01  -5.616500143496E+03 287.0768
 2893.90  -5.616741033619E+03  2.410022558794E-01  -5.616500031363E+03 288.2671
 2914.57  -5.616741867317E+03  2.419694533774E-01  -5.616499897864E+03 289.4240
 2935.24  -5.616743089503E+03  2.432522976194E-01  -5.616499837205E+03 290.9584
 2955.91  -5.616744877516E+03  2.449830412806E-01  -5.616499894475E+03 293.0286
 2976.58  -5.616747067748E+03  2.469695822382E-01  -5.616500098166E+03 295.4047
 2997.25  -5.616749188500E+03  2.488100372030E-01  -5.616500378463E+03 297.6061
 3017.92  -5.616750820655E+03  2.501744240140E-01  -5.616500646231E+03 299.2381
 3038.59  -5.616751800252E+03  2.510180418671E-01  -5.616500782210E+03 300.2472
 3059.26  -5.616752164990E+03  2.514534116908E-01  -5.616500711579E+03 300.7679
 3079.93  -5.616751874044E+03  2.514503895053E-01  -5.616500423655E+03 300.7643
 3100.60  -5.616750677514E+03  2.507105672515E-01  -5.616499966947E+03 299.8794
 3121.27  -5.616748362885E+03  2.489272195236E-01  -5.616499435666E+03 297.7463
 3141.94  -5.616745151870E+03  2.462081086821E-01  -5.616498943761E+03 294.4939
 3162.62  -5.616741807139E+03  2.432197726280E-01  -5.616498587366E+03 290.9195
 3183.29  -5.616739275159E+03  2.408640782333E-01  -5.616498411081E+03 288.1018
 3203.96  -5.616738132158E+03  2.397416499084E-01  -5.616498390508E+03 286.7593
 3224.63  -5.616738269626E+03  2.398340876482E-01  -5.616498435539E+03 286.8698
 3245.30  -5.616738999444E+03  2.405761453635E-01  -5.616498423298E+03 287.7574
 3265.97  -5.616739542494E+03  2.412591822685E-01  -5.616498283311E+03 288.5744
 3286.64  -5.616739459457E+03  2.414702724795E-01  -5.616497989184E+03 288.8269
 3307.31  -5.616738884039E+03  2.412909188977E-01  -5.616497593120E+03 288.6124
 3327.98  -5.616738424250E+03  2.412247077885E-01  -5.616497199542E+03 288.5332
 3348.65  -5.616738776619E+03  2.418592944012E-01  -5.616496917325E+03 289.2922
 3369.32  -5.616740239369E+03  2.434236095710E-01  -5.616496815760E+03 291.1633
 3389.99  -5.616742422757E+03  2.455236649357E-01  -5.616496899092E+03 293.6753
 3410.66  -5.616744386783E+03  2.472852594767E-01  -5.616497101523E+03 295.7823
 3431.33  -5.616745147287E+03  2.478434971856E-01  -5.616497303790E+03 296.4500
 3452.00  -5.616744210733E+03  2.468372893847E-01  -5.616497373443E+03 295.2465
 3472.68  -5.616741783156E+03  2.445644836155E-01  -5.616497218672E+03 292.5280
 3493.35  -5.616738546047E+03  2.417182279655E-01  -5.616496827819E+03 289.1235
 3514.02  -5.616735200329E+03  2.389324991733E-01  -5.616496267830E+03 285.7914
 3534.69  -5.616732128780E+03  2.364816332695E-01  -5.616495647147E+03 282.8599
 3555.36  -5.616729384162E+03  2.343121877923E-01  -5.616495071974E+03 280.2650
 3576.03  -5.616726854698E+03  2.322672215794E-01  -5.616494587477E+03 277.8190
 3596.70  -5.616724535259E+03  2.303290787042E-01  -5.616494206180E+03 275.5007
 3617.37  -5.616722562134E+03  2.287015536079E-01  -5.616493860581E+03 273.5540
 3638.04  -5.616721129716E+03  2.276692769174E-01  -5.616493460439E+03 272.3193
 3658.71  -5.616720319064E+03  2.273834834966E-01  -5.616492935580E+03 271.9775
 3679.38  -5.616720044396E+03  2.277745808887E-01  -5.616492269815E+03 272.4453
 3700.05  -5.616720226067E+03  2.287081110458E-01  -5.616491517956E+03 273.5619
 3720.72  -5.616721040932E+03  2.302502852906E-01  -5.616490790647E+03 275.4065
 3741.39  -5.616722961282E+03  2.327571366496E-01  -5.616490204146E+03 278.4050
 3762.06  -5.616726435319E+03  2.366077974748E-01  -5.616489827521E+03 283.0108
 3782.74  -5.616731453628E+03  2.417786837871E-01  -5.616489674944E+03 289.1958
 3803.41  -5.616737296543E+03  2.476194835266E-01  -5.616489677060E+03 296.1821
 3824.08  -5.616742708360E+03  2.529979754383E-01  -5.616489710385E+03 302.6154
 3844.75  -5.616746371657E+03  2.567324675174E-01  -5.616489639190E+03 307.0823
 3865.42  -5.616747420897E+03  2.580564835678E-01  -5.616489364414E+03 308.6660
 3886.09  -5.616745818891E+03  2.569651708799E-01  -5.616488853720E+03 307.3606
 3906.76  -5.616742351539E+03  2.542200252831E-01  -5.616488131514E+03 304.0771
 3927.43  -5.616738342676E+03  2.510159295707E-01  -5.616487326746E+03 300.2446
 3948.10  -5.616734965508E+03  2.484029393686E-01  -5.616486562569E+03 297.1192
 3968.77  -5.616732652136E+03  2.467189441804E-01  -5.616485933192E+03 295.1049
 3989.44  -5.616730966949E+03  2.455047070140E-01  -5.616485462242E+03 293.6526
 4010.11  -5.616729078365E+03  2.439713046554E-01  -5.616485107060E+03 291.8184
 4030.78  -5.616726446739E+03  2.416619184911E-01  -5.616484784821E+03 289.0561
 4051.45  -5.616723168504E+03  2.387547435763E-01  -5.616484413760E+03 285.5788
 4072.13  -5.616719849486E+03  2.358784053567E-01  -5.616483971080E+03 282.1384
 4092.80  -5.616717163339E+03  2.336941308327E-01  -5.616483469209E+03 279.5257
 4113.47  -5.616715596250E+03  2.326170710764E-01  -5.616482979179E+03 278.2374
